image: map.pgm
resolution: 0.01
origin: [-5.660000, -3.760000, 0.000000]
negate: 0
occupied_thresh: 0.65
free_thresh: 0.196
